  4.3826915e+000  3.7756791e+000
  4.1374401e+000  4.4117140e+000
  4.0018337e+000  3.6618716e+000
  4.7781689e+000  4.1165751e+000
  5.0716430e+000  3.8194806e+000
  3.8786630e+000  3.7028865e+000
  4.1916549e+000  3.7795958e+000
  3.7361181e+000  4.0893333e+000
  4.4801620e+000  4.3769995e+000
  2.9576478e+000  4.2321074e+000
  4.6350001e+000  4.8222263e+000
  4.2493922e+000  4.1674735e+000
  4.2707739e+000  3.5313971e+000
  4.7466649e+000  4.2950338e+000
  4.0026092e+000  4.3258531e+000
  4.0733755e+000  4.4484346e+000
  3.5046926e+000  4.5400795e+000
  3.3081395e+000  4.9292088e+000
  3.7881655e+000  4.0162586e+000
  4.2803829e+000  4.4205709e+000
  3.8693380e+000  4.2835784e+000
  3.4731773e+000  4.0000347e+000
  4.6762858e+000  5.3583209e+000
  3.7839000e+000  4.1613581e+000
  4.1342999e+000  3.5854024e+000
  4.1395342e+000  5.1752171e+000
  4.0152245e+000  4.4529397e+000
  4.3382303e+000  3.7306469e+000
  4.0079360e+000  4.6003418e+000
  3.3079372e+000  4.9250576e+000
  1.6722585e+000  4.4916918e+000
  2.1878674e+000  4.4041213e+000
  2.0507597e+000  4.7409890e+000
  1.5385821e+000  4.2494976e+000
  2.7121395e+000  3.7494523e+000
  2.1125649e+000  4.0112851e+000
  2.3883891e+000  2.8614400e+000
  1.7620654e+000  4.3225916e+000
  1.7925000e+000  4.1444217e+000
  2.2774611e+000  3.7903969e+000
  2.1736867e+000  3.7585950e+000
  3.0443878e+000  3.5456179e+000
  1.9827269e+000  4.0620834e+000
  3.2265567e+000  4.2756211e+000
  2.8745426e+000  3.9207683e+000
  1.1477404e+000  3.8359997e+000
  1.2800083e+000  4.0679595e+000
  1.8335126e+000  3.9985687e+000
  2.0273714e+000  3.6073163e+000
  2.1247468e+000  4.7322228e+000
  2.5387546e+000  4.3064037e+000
  1.7591444e+000  4.7264193e+000
  1.7595345e+000  3.8370839e+000
  2.0196892e+000  3.5265905e+000
  2.1100476e+000  4.4897736e+000
  2.2597247e+000  4.1065486e+000
  2.6494271e+000  3.7078445e+000
  2.4311163e+000  4.0413843e+000
  1.2449721e+000  3.0815237e+000
  2.4689535e+000  4.6279079e+000
 -4.5516677e+000 -8.1656300e-001
 -4.4053167e+000 -1.2929861e+000
 -3.3913327e+000 -1.2904983e+000
 -4.5156940e+000 -2.3406945e+000
 -4.2675013e+000 -1.3730984e+000
 -4.3141540e+000 -1.1442113e+000
 -3.2511985e+000 -1.8054228e+000
 -4.0206221e+000 -1.9883305e+000
 -4.6016007e+000 -1.5798381e+000
 -4.6233313e+000 -2.0140441e+000
 -3.1932342e+000 -1.5227975e+000
 -3.0923431e+000 -1.3474285e+000
 -3.2435383e+000 -8.0039005e-001
 -4.6890425e+000 -1.3971072e+000
 -4.1678412e+000 -1.7580360e+000
 -4.1605384e+000 -6.6993243e-001
 -3.9073228e+000 -1.0744201e+000
 -4.3472351e+000 -1.3716472e+000
 -4.5498966e+000 -1.1512108e+000
 -4.2844771e+000 -1.7410667e+000
 -3.5200265e+000 -1.0588519e+000
 -2.8747484e+000 -1.3527760e+000
 -3.9464282e+000 -1.1745401e+000
 -4.1943840e+000 -2.0106967e+000
 -3.7102363e+000 -7.1919253e-001
 -4.3048677e+000 -1.2698149e+000
 -3.1298325e+000 -2.4455956e+000
 -3.5076469e+000 -1.2520580e+000
 -4.6748553e+000 -8.4985216e-001
 -4.3960150e+000 -1.1677565e+000
 -8.4684042e-001  3.7716504e+000
 -8.7731023e-001  3.9143889e+000
 -1.9919463e+000  3.5795417e+000
 -2.6900342e+000  3.4776066e+000
 -6.4286653e-001  4.0842272e+000
 -1.3418328e+000  3.6196841e+000
 -1.5270698e+000  3.9447115e+000
 -1.7402202e+000  3.3503963e+000
 -2.3046789e+000  3.7571235e+000
 -1.4265451e+000  4.2024139e+000
 -2.2244710e+000  3.3848968e+000
 -1.9568744e+000  3.8996758e+000
 -1.6415529e+000  3.7120727e+000
 -1.1592752e+000  3.7924153e+000
 -1.3493644e+000  3.6508589e+000
 -2.2099381e+000  2.7913274e+000
 -7.9629353e-001  3.7583720e+000
 -1.5208636e+000  4.5268156e+000
 -6.0200524e-001  4.1560469e+000
 -2.1417269e+000  3.6415781e+000
 -1.9285476e+000  3.4994233e+000
 -1.9208809e+000  3.9546238e+000
 -1.5908317e+000  3.6383868e+000
 -2.0257600e+000  3.5659049e+000
 -2.0192257e+000  3.8578390e+000
 -2.7268178e+000  4.4570291e+000
 -1.9563256e+000  2.5701430e+000
 -1.4085588e+000  4.1225729e+000
 -1.6291487e+000  3.3261126e+000
 -1.6210393e+000  4.3022873e+000
